0.73
0.79
0.8
0.69
0.66
0.65
0.65
0.89
0.93
0.79
0.87
0.78
0.8
0.77
0.78
0.7
0.65
0.71
0.71
0.71
0.69
0.6
0.62
0.75
0.66
0.73
0.71
0.74
0.74
0.77
0.65
0.67
0.59
0.79
0.83
0.69
0.63
0.76
0.78
0.88
0.85
0.83
0.62
0.88
0.71
0.81
0.74
0.94
0.87
0.76
0.8
0.86
0.87
0.96
0.82
0.86
0.82
0.82
0.84
0.84
0.88
0.85
0.74
0.81
0.81
0.76
0.84
0.6
0.73
0.71
0.825
0.85
0.815
0.84
0.82
0.87
0.825
0.835
0.805
0.83
0.835
0.805
0.88
0.815
0.865
0.885
0.865
0.895
0.84
0.875
0.865
0.865
0.865
0.875
0.895
0.835
0.865
0.86
0.865
0.84
0.81
0.81
0.83
0.855
0.835
0.89
0.88
0.885
0.855
0.815
0.835
0.885
0.835
0.835
0.855
0.83
0.8
0.87
0.81
0.775
0.845
0.765
0.87
0.83
0.94
0.795
0.87
0.9
0.81
0.88
0.85
0.835
0.88
0.865
0.89
0.835
0.86
0.865
0.87
0.915
0.865
0.86
0.885
0.86
0.815
0.84
0.86
0.88
0.845
0.86
0.9
0.85
0.9
0.87
0.885
0.835
0.855
0.865
0.865
0.895
0.89
0.815
0.91
0.875
0.845
0.885
0.855
0.915
0.86
0.89
