0.12
0.225
0.39
0.305
0.34
0.415
0.345
0.385
0.4
0.375
0.295
0.41
0.335
0.465
0.27
0.485
0.48
0.59
0.495
0.51
0.425
0.525
0.515
0.515
0.415
0.515
0.465
0.465
0.45
0.405
0.37
0.435
0.42
0.34
0.46
0.455
0.475
0.465
0.48
0.335
0.4
0.465
0.345
0.39
0.555
0.52
0.505
0.405
0.375
0.325
0.4
0.455
0.505
0.465
0.43
0.48
0.51
0.45
0.475
0.49
0.505
0.475
0.495
0.435
0.505
0.455
0.525
0.505
0.495
0.505
0.505
0.515
0.485
0.48
0.54
0.535
0.49
0.495
0.625
0.445
0.445
0.455
0.44
0.53
0.535
0.495
0.44
0.455
0.54
0.465
0.54
0.485
0.485
0.46
0.485
0.475
0.505
0.465
0.425
0.405
0.46
0.58
0.52
0.485
0.455
0.51
0.53
0.49
0.485
0.48
0.5
0.52
0.48
0.525
0.52
0.54
0.54
0.525
0.43
0.52
0.49
0.51
0.515
0.53
0.53
0.47
0.44
0.525
0.49
0.495
0.49
0.535
0.55
0.475
0.505
0.53
0.535
0.545
0.5
0.49
0.48
0.47
0.51
0.51
0.525
0.495
0.495
0.525
0.515
0.55
0.49
0.495
0.44
0.47
0.49
0.48
0.445
0.43
0.475
0.465
0.415
0.49
0.525
0.55
0.465
0.395
0.495
0.465
0.47
0.47
0.485
0.465
0.51
0.525
0.485
0.525
0.47
0.49
0.5
0.495
0.495
0.47
0.47
0.485
0.495
0.485
0.53
0.51
0.48
0.53
0.53
0.49
0.535
0.415
0.475
0.5
0.49
0.55
0.515
0.52
0.48
0.5
0.48
0.505
0.525
0.455
0.545
0.5
0.53
0.515
0.46
0.465
0.445
0.495
0.51
0.47
0.495
0.545
0.515
0.485
0.45
0.505
0.505
0.52
0.46
0.525
0.485
0.515
0.475
0.52
0.44
0.505
0.505
0.535
0.505
0.485
0.525
0.525
0.505
0.54
0.48
0.53
0.52
0.535
0.49
0.47
0.5
0.555
0.505
0.52
0.48
0.57
0.48
0.475
0.52
0.5
0.5
0.47
0.435
0.47
0.505
0.545
0.49
0.535
0.495
0.495
0.48
0.48
0.49
0.505
0.48
0.475
0.495
0.49
0.52
0.525
0.53
0.505
0.54
0.555
0.475
0.475
0.465
0.505
0.465
0.48
0.495
0.48
0.465
0.445
0.49
0.525
0.485
0.52
0.475
0.485
0.515
0.5
0.465
0.515
0.48
0.525
0.515
0.5
0.5
0.49
0.525
0.495
0.515
0.55
0.565
0.52
0.495
0.48
0.475
0.5
0.49
0.5
0.48
0.505
0.515
0.48
0.555
0.535
0.525
0.49
0.49
0.49
0.48
0.51
0.51
0.53
0.495
0.535
0.525
0.5
0.545
0.515
0.485
0.545
0.515
0.475
0.51
0.49
0.44
0.475
0.495
0.475
0.51
0.5
0.495
0.52
0.49
0.51
0.525
0.495
0.53
0.525
0.465
0.52
0.52
0.44
0.425
0.505
0.55
0.5
0.455
0.515
0.45
0.485
0.5
0.5
0.52
