0
0
0
0
0
0
0
0.125
0.111111
0.1
0.0909091
0.166667
0.153846
0.142857
0.133333
0.125
0.117647
0.111111
0.105263
0.1
0.0952381
0.0909091
0.0869565
0.0833333
0.12
0.153846
0.148148
0.142857
0.137931
0.166667
0.193548
0.1875
0.212121
0.235294
0.257143
0.277778
0.27027
0.289474
0.307692
0.325
0.317073
0.333333
0.325581
0.340909
0.355556
0.347826
0.361702
0.354167
0.367347
0.36
0.372549
0.384615
0.377358
0.37037
0.381818
0.392857
0.403509
0.413793
0.40678
0.4
0.409836
0.419355
0.412698
0.421875
0.415385
0.409091
0.402985
0.397059
0.391304
0.385714
0.380282
0.375
0.369863
0.378378
0.373333
0.368421
0.376623
0.371795
0.367089
0.3625
0.37037
0.365854
0.361446
0.357143
0.352941
0.348837
0.344828
0.352273
0.348315
0.344444
0.340659
0.347826
0.344086
0.340426
0.336842
0.34375
0.340206
0.336735
0.343434
0.35
0.356436
0.352941
0.359223
0.355769
0.352381
0.349057
0.345794
0.342593
0.348624
0.345455
0.342342
0.339286
0.336283
0.333333
0.330435
0.327586
0.333333
0.330508
0.336134
0.333333
0.338843
0.336066
0.341463
0.346774
0.352
0.349206
0.346457
0.351563
0.348837
0.346154
0.343511
0.348485
0.353383
0.358209
0.362963
0.367647
0.372263
0.376812
0.381295
0.385714
0.382979
0.380282
0.377622
0.381944
0.386207
0.390411
0.394558
0.391892
0.395973
0.393333
0.390728
0.394737
0.398693
0.402597
0.4
0.397436
0.401274
0.405063
0.402516
0.4
0.397516
0.401235
0.398773
0.396341
0.393939
0.391566
0.389222
0.386905
0.384615
0.382353
0.385965
0.389535
0.393064
0.390805
0.394286
0.392045
0.39548
0.398876
0.396648
0.394444
0.39779
0.395604
0.398907
0.402174
0.405405
0.408602
0.411765
0.409574
0.407407
0.410526
0.413613
0.411458
0.414508
0.417526
0.420513
0.423469
0.42132
0.419192
0.422111
0.42
1
1
0.666667
0.5
0.6
0.666667
0.714286
0.625
0.666667
0.7
0.727273
0.75
0.692308
0.714286
0.666667
0.6875
0.705882
0.666667
0.684211
0.65
0.666667
0.681818
0.695652
0.666667
0.68
0.653846
0.666667
0.678571
0.689655
0.7
0.709677
0.71875
0.727273
0.705882
0.714286
0.722222
0.702703
0.684211
0.692308
0.7
0.682927
0.690476
0.674419
0.681818
0.688889
0.695652
0.702128
0.708333
0.714286
0.72
0.705882
0.692308
0.698113
0.685185
0.690909
0.678571
0.666667
0.655172
0.661017
0.65
0.639344
0.629032
0.619048
0.609375
0.6
0.590909
0.597015
0.588235
0.57971
0.571429
0.577465
0.569444
0.575342
0.567568
0.56
0.552632
0.545455
0.551282
0.544304
0.55
0.555556
0.560976
0.566265
0.571429
0.576471
0.569767
0.563218
0.556818
0.561798
0.566667
0.571429
0.565217
0.55914
0.553191
0.557895
0.552083
0.546392
0.540816
0.535354
0.54
0.534653
0.529412
0.524272
0.519231
0.514286
0.509434
0.514019
0.509259
0.504587
0.5
0.504505
0.5
0.495575
0.5
0.495652
0.5
0.504274
0.508475
0.512605
0.508333
0.512397
0.516393
0.520325
0.524194
0.52
0.515873
0.519685
0.515625
0.51938
0.523077
0.519084
0.515152
0.511278
0.514925
0.511111
0.514706
0.518248
0.514493
0.510791
0.514286
0.510638
0.514085
0.517483
0.520833
0.517241
0.513699
0.510204
0.513514
0.510067
0.506667
0.509934
0.506579
0.503268
0.5
0.503226
0.5
0.496815
0.493671
0.496855
0.49375
0.496894
0.5
0.496933
0.493902
0.49697
0.493976
0.497006
0.494048
0.491124
0.494118
0.497076
0.494186
0.491329
0.494253
0.497143
0.5
0.502825
0.505618
0.502793
0.505556
0.508287
0.510989
0.508197
0.505435
0.508108
0.505376
0.508021
0.510638
0.513228
0.510526
0.507853
0.510417
0.512953
0.515464
0.512821
0.510204
0.51269
0.515152
0.512563
0.51
