0
0.5
0.333333
0.5
0.6
0.666667
0.714286
0.625
0.666667
0.6
0.636364
0.666667
0.615385
0.642857
0.666667
0.6875
0.705882
0.722222
0.684211
0.7
0.714286
0.727273
0.73913
0.75
0.76
0.730769
0.740741
0.75
0.758621
0.766667
0.774194
0.78125
0.787879
0.764706
0.771429
0.777778
0.783784
0.789474
0.794872
0.8
0.804878
0.809524
0.813953
0.818182
0.822222
0.826087
0.829787
0.833333
0.836735
0.84
0.843137
0.826923
0.830189
0.833333
0.836364
0.839286
0.842105
0.844828
0.847458
0.85
0.852459
0.854839
0.84127
0.84375
0.830769
0.833333
0.835821
0.838235
0.84058
0.842857
0.84507
0.833333
0.821918
0.824324
0.826667
0.828947
0.831169
0.833333
0.835443
0.825
0.82716
0.829268
0.831325
0.833333
0.835294
0.837209
0.83908
0.840909
0.842697
0.844444
0.846154
0.847826
0.849462
0.840426
0.842105
0.833333
0.835052
0.836735
0.838384
0.84
85
43
28.6667
21.75
17.6
14.8333
12.8571
11.375
10.2222
9.2
8.45455
7.83333
7.30769
6.85714
6.46667
6.125
5.76471
5.5
5.26316
5.05
4.85714
4.68182
4.52174
4.375
4.2
4.07692
3.96296
3.85714
3.75862
3.66667
3.58065
3.5
3.42424
3.35294
3.28571
3.22222
3.16216
3.10526
3.05128
3
2.95122
2.90476
2.86047
2.81818
2.77778
2.73913
2.70213
2.66667
2.63265
2.6
2.56863
2.53846
2.49057
2.46296
2.41818
2.39286
2.36842
2.34483
2.32203
2.3
2.27869
2.25806
2.2381
2.21875
2.2
2.18182
2.16418
2.14706
2.13043
2.11429
2.09859
2.06944
2.05479
2.04054
2.02667
2.01316
2
1.98718
1.97468
1.95
1.92593
1.90244
1.89157
1.88095
1.87059
1.86047
1.85057
1.84091
1.83146
1.82222
1.8022
1.79348
1.78495
1.7766
1.76842
1.75
1.73196
1.72449
1.71717
1.71
