5
28
55
74
105
118
189
172
206
222
249
287
327
313
327
355
321
399
459
517
466
471
572
578
553
593
691
675
633
730
573
715
711
723
763
791
821
847
876
925
969
975
1069
1056
1041
993
1083
1181
1014
1211
1179
1144
1257
1073
1218
1140
1271
1109
1333
1275
1177
1442
1401
1370
1419
1411
1446
1465
1451
1316
1637
1412
1620
1630
1656
1461
1554
1734
1791
1526
1782
1652
1835
1749
1933
1956
1998
2002
2036
1837
2109
1887
1970
2200
1937
2249
2315
2106
2278
2158
2278
2167
2348
2387
2390
2449
2434
2396
2490
2525
2513
2526
2248
2557
2575
2616
2619
2719
2682
2840
2888
2898
2813
2932
2962
2982
2939
2920
3023
3039
3049
2970
2603
2957
2983
3002
3086
3060
2684
3083
3095
3082
3215
3277
3012
3309
3273
3321
3481
2937
2994
3360
3403
3348
3422
3459
3469
3339
3417
3559
3614
3144
3642
3503
3530
3555
3703
3715
3693
3743
3732
3731
3713
3637
3756
3747
3359
3801
3782
4029
3606
3992
4076
3909
3888
3990
3920
3939
4156
3999
4044
3613
4041
4147
4246
4187
4252
3740
3848
4342
4399
4564
4611
4008
4636
4819
4804
4728
4606
4735
4955
4906
4751
4355
4921
4327
4941
5012
4916
4895
4423
5055
5099
5179
5121
5052
4975
5042
4961
5013
5054
5150
5083
5238
5348
5509
5255
5209
5314
5279
5389
5492
5465
4619
5893
5990
5868
5974
5973
5335
5856
5912
6078
5843
6060
5927
5926
5813
6021
5289
6018
6187
6117
6388
6362
5476
6000
5934
5752
6454
5522
5848
5726
5683
5652
5614
5827
6382
6078
6088
6056
5880
5995
6138
6307
5389
6176
5542
6004
5982
6157
6178
6288
6458
6541
6381
6334
6141
6216
6395
6266
6516
5928
5930
5949
6415
6427
6467
5523
5741
6431
6525
6619
6572
5945
6589
6674
6733
6768
6272
6235
6557
6699
6425
6499
6318
6428
6336
6630
6414
6447
6439
6621
6501
5769
6635
6736
6001
6028
7364
6750
6602
6780
6022
6279
7033
7065
6978
7248
7022
7129
7305
7378
6854
7178
7137
7442
7646
7469
7379
7463
7445
7491
6688
7734
7825
6702
6728
7463
7345
7450
7574
6638
6598
7740
7095
7819
7701
7913
8008
7865
7848
7909
7467
7438
7809
7958
8006
7953
7793
7664
7679
7934
7811
7602
7791
7668
7714
7789
8082
7863
8600
8349
7259
8246
7355
8506
8302
7712
7969
7882
8030
8654
7451
8515
8396
8226
7296
8223
8302
7737
8580
8641
8605
9155
8817
8748
8723
8795
8753
8828
7912
8851
8811
8539
8363
7511
8762
9468
8691
7379
8773
7841
7550
8594
8786
8684
8550
8562
8910
9157
9018
9150
9069
8757
8916
8818
8984
9033
8801
8837
9393
9376
9133
7897
9193
9226
9936
9726
8965
8999
9749
9633
9097
9095
9142
9207
9224
9212
9190
9855
9596
10064
9931
9943
9855
9893
9629
8476
9430
9424
8253
9737
9993
9557
9704
8568
9424
9656
9387
9468
9620
9825
9803
9494
9769
10399
8886
9977
8907
9664
9933
10149
10429
10441
9011
9425
10756
10396
10661
9013
8793
8939
10039
10392
10124
10120
9045
10677
10396
10092
10578
9826
10724
10841
10835
10926
10860
10770
9498
10737
10596
9145
10106
10734
10813
9291
9570
11050
11086
10898
10913
10983
10949
11133
11025
11001
11345
11075
10692
11235
11473
10891
10629
10466
10432
10489
9304
11255
11340
9833
11263
11306
11199
11014
10721
10682
10807
9271
11469
9767
10886
11281
10064
11031
11035
11422
11686
10453
11477
10397
9824
10951
11148
11159
11233
11027
11587
11786
11682
12005
11757
11471
11185
11389
11296
10469
11166
9788
11176
11220
11267
11796
10239
12003
12049
12306
11930
10184
11446
11487
11879
12071
11370
11782
11575
11579
11366
9976
11803
12158
12370
11222
12290
12315
12221
12295
12279
10805
12247
11869
11732
12182
12859
12473
12438
10885
10519
10311
11813
11796
11816
11954
11847
12250
12115
11911
12106
12036
11971
12345
11056
13195
13025
12584
10986
10829
12236
12393
13023
12240
12212
12585
12951
13532
12674
12218
12207
12491
12916
13245
12640
13262
13080
12095
13280
12040
12630
12649
12691
12821
12633
12781
12841
13417
12981
13355
13062
12887
13053
12796
13068
11339
12971
13410
11340
12813
13617
13704
13587
12051
13869
13839
12196
13837
12081
13866
13794
13647
13650
13928
14006
13972
14287
12716
13973
13864
13512
11966
13300
12035
14139
13171
13510
13829
12124
13733
13389
11800
11362
13119
13631
14055
13715
11468
13372
13471
14363
13831
13686
13587
14231
11805
13550
13366
13444
13282
13473
13460
13285
12710
13656
13807
13675
13671
13375
13521
14074
14311
14204
13708
13545
14449
14392
14751
14516
14612
14386
13501
14895
14605
14939
14543
14776
14707
12934
14805
14909
14568
14394
14394
14613
15136
12885
14965
14501
15119
12842
14215
14058
14201
14985
15292
14880
14840
14405
14692
14610
14231
14530
12484
12837
12934
14866
14878
12891
14989
15065
16658
15091
15018
15534
15607
14342
15256
15451
14964
15911
15394
15269
16194
17996
17344
16921
16791
16836
15849
16258
15892
15846
13957
17496
17156
17826
18810
18221
17463
17768
17159
16711
15915
14377
14163
16447
16419
16597
14979
16500
16715
16514
14566
17115
16583
17219
16840
16295
17866
16807
17179
16695
16366
17331
18337
18208
17761
17096
16583
16436
16673
16417
15718
16205
15661
16028
15773
15855
15836
15978
17135
17030
16805
16688
16942
17070
15127
18090
17665
16144
16429
16688
18067
17650
16732
16183
17145
16433
17504
17848
15916
16804
18163
17073
17983
16680
14939
15225
17366
17280
16937
16359
16138
17078
17546
17264
17343
17276
17334
17776
18703
19392
19629
19719
19893
17265
18408
16893
17654
18113
17027
18347
18586
18703
18932
18108
18567
17908
17615
17196
17184
16758
16944
17610
17087
17025
18086
18363
18221
15945
18391
16928
16773
17575
18119
17856
16812
19250
16978
18304
18319
18650
18613
18917
18949
20026
18947
18899
16151
17324
16311
17937
16810
18620
19133
19253
18219
18550
18872
18445
19464
18993
18572
18795
19366
19452
19303
19502
20414
19171
18399
16247
18237
18799
16519
19706
21692
18555
18088
17687
17680
15906
17661
19445
20433
